% Laser to Camera calibration parameters (I optim stage) 
% 22-Mar-2020 21:21:10
% 
% Transformation matrix specifies laser coordinate frame
% in the reference frame of the camera
% 
%-- Translation vector (t)
t = [ 0.055635 ; -0.812212 ; -0.312833 ]
%-- Rotation matrix (R)
R = ...
[ 0.990500  -0.111589  0.080356 ;...
  0.109786  0.289849  -0.950755 ;...
  0.082803  0.950545  0.299347 ]
