% Laser to Camera calibration parameters (I optim stage) 
% 22-Mar-2020 21:30:18
% 
% Transformation matrix specifies laser coordinate frame
% in the reference frame of the camera
% 
%-- Translation vector (t)
t = [ 0.044848 ; -0.650298 ; -0.339925 ]
%-- Rotation matrix (R)
R = ...
[ 0.993322  -0.114022  0.017610 ;...
  0.048979  0.278558  -0.959170 ;...
  0.104461  0.953627  0.282282 ]
