% Laser to Camera calibration parameters (II optim stages) 
% 22-Mar-2020 20:29:32
% 
% Transformation matrix specifies laser coordinate frame
% in the reference frame of the camera
% 
%-- Translation vector (t)
t = [ 0.353234 ; -1.096697 ; -1.322088 ]
%-- Rotation matrix (R)
R = ...
[ 0.829940  -0.460690  -0.314587 ;...
  -0.175111  0.320279  -0.930998 ;...
  0.529657  0.827760  0.185140 ]

