% Laser to Camera calibration parameters (II optim stages) 
% 22-Mar-2020 21:30:18
% 
% Transformation matrix specifies laser coordinate frame
% in the reference frame of the camera
% 
%-- Translation vector (t)
t = [ -0.025534 ; -0.490297 ; -0.365261 ]
%-- Rotation matrix (R)
R = ...
[ 0.993822  -0.089503  -0.065631 ;...
  -0.038668  0.275065  -0.960648 ;...
  0.104033  0.957250  0.269905 ]

