% Laser to Camera calibration parameters (I optim stage) 
% 22-Mar-2020 20:29:32
% 
% Transformation matrix specifies laser coordinate frame
% in the reference frame of the camera
% 
%-- Translation vector (t)
t = [ -0.068960 ; -0.724579 ; -1.551463 ]
%-- Rotation matrix (R)
R = ...
[ 0.804040  -0.170397  -0.569636 ;...
  -0.544241  0.174863  -0.820503 ;...
  0.239420  0.969736  0.047860 ]
