% Laser to Camera calibration parameters (II optim stages) 
% 22-Mar-2020 21:21:10
% 
% Transformation matrix specifies laser coordinate frame
% in the reference frame of the camera
% 
%-- Translation vector (t)
t = [ -0.028306 ; -0.510345 ; -0.361659 ]
%-- Rotation matrix (R)
R = ...
[ 0.994865  -0.087560  -0.050759 ;...
  -0.024736  0.275958  -0.960851 ;...
  0.098140  0.957173  0.272376 ]

