% Laser to Camera calibration parameters (II optim stages) 
% 22-Mar-2020 20:46:44
% 
% Transformation matrix specifies laser coordinate frame
% in the reference frame of the camera
% 
%-- Translation vector (t)
t = [ -0.026507 ; -0.517559 ; -0.361654 ]
%-- Rotation matrix (R)
R = ...
[ 0.993778  -0.085958  -0.070825 ;...
  -0.044931  0.272459  -0.961118 ;...
  0.101913  0.958320  0.266902 ]

