% Laser to Camera calibration parameters (I optim stage) 
% 20-Nov-2017 13:33:06
% 
% Transformation matrix specifies laser coordinate frame
% in the reference frame of the camera
% 
%-- Translation vector (t)
t = [ -0.017066 ; -0.289963 ; -0.248305 ]
%-- Rotation matrix (R)
R = ...
[ 0.999473  -0.028460  -0.015630 ;...
  -0.016101  -0.016413  -0.999736 ;...
  0.028196  0.999460  -0.016863 ]
