% Laser to Camera calibration parameters (II optim stages) 
% 20-Nov-2017 13:33:06
% 
% Transformation matrix specifies laser coordinate frame
% in the reference frame of the camera
% 
%-- Translation vector (t)
t = [ 0.034703 ; -0.367376 ; -0.250297 ]
%-- Rotation matrix (R)
R = ...
[ 0.998784  -0.045239  -0.019621 ;...
  -0.019481  0.003535  -0.999804 ;...
  0.045299  0.998970  0.002649 ]

